-0.0138098	-0.0576681	0.32084	-0.560999	-0.707584	0.429656	1.04063	
0.0240208	-0.0564627	0.293072	0.761558	-0.343712	-0.549446	10.6117	
-0.0215081	-0.0164049	0.312744	-0.634317	-0.647995	0.421598	1.20467	
-0.0235212	-0.00316942	0.308471	-0.964086	0.0513148	0.260585	0.871826	
-0.0248394	-0.0524743	0.30283	-0.304778	-0.951773	-0.0352021	0.959055	
0.0137699	-0.0300994	0.279134	0.533803	-0.605772	-0.589996	1.316	
-0.0234752	0.0153609	0.308597	-0.584395	0.79479	0.163684	1.14181	
0.00283959	-0.00468658	0.324838	0.514388	-0.0322153	0.856952	0.891219	
0.0209768	0.00337235	0.286399	0.838983	0.202305	-0.505154	0.855072	
0.00324478	-0.0625749	0.275211	0.187687	-0.877938	-0.440453	0.208952	
-0.0217126	0.0709002	0.312392	-0.828217	-0.383142	0.408973	0.00859638	
0.0012546	-0.00240419	0.275032	0.534601	-0.161809	-0.829469	0.04377	
-0.0223889	-0.0116178	0.288876	-0.714973	-0.683643	-0.146443	0.0963187	
-0.00644189	-0.00043121	0.324156	0.0898078	-0.0380614	0.995232	0.253482	
-0.0180869	0.00902098	0.282741	-0.586068	0.552601	-0.592585	0.446894	
-0.0155689	-0.00210441	0.28044	-0.474304	-0.224009	-0.851385	0.599484	
-0.00050008	-0.0115802	0.275005	0.394984	-0.551079	-0.735051	1.28035	
-0.019067	0.00328019	0.283831	-0.76712	0.195395	-0.611022	1.03922	
-0.00560239	0.00572266	0.275636	0.221444	0.287549	-0.931815	2.17332	
-0.0238821	-0.0165991	0.292608	-0.639182	-0.767624	0.0469031	0.873395	
